tree
version=v4
num_class=1
num_tree_per_iteration=1
label_index=0
max_feature_idx=4
objective=binary sigmoid:1
feature_names=feeddelay bloodtransfusion gestationalgeweek tbil birthweight
feature_infos=[0:1] [0:1] [26:41] [5.7000000000000002:309.39999999999998] [890:3950]
tree_sizes=866 873 871 871 872 868 872 876 873 873 871 876 868 874 865 870 872 878 867 869 874 866 873 874 877 871 873 864 866 874 877

Tree=0
num_leaves=7
num_cat=0
split_feature=1 2 4 0 2 0
split_gain=51.346 21.6189 15.7689 11.1662 8.36366 3.88781
threshold=1.0000000180025095e-35 35.500000000000007 1885.0000000000002 1.0000000180025095e-35 30.500000000000004 1.0000000180025095e-35
decision_type=2 2 2 2 2 2
left_child=1 3 5 4 -1 -2
right_child=2 -3 -4 -5 -6 -7
leaf_value=-0.16598101349092453 -0.15895506841785612 -0.29217779614950068 -0.23901995897579026 -0.18608087833365888 -0.24106627991686047 -0.10907857921783148
leaf_weight=4.205192804336547 5.4420142173767134 10.884028434753416 3.4630999565124503 20.778599739074707 31.415263891220093 13.852399826049805
leaf_count=17 22 44 14 84 127 56
internal_value=-0.205702 -0.227661 -0.140779 -0.21521 -0.232202 -0.123146
internal_weight=90.0406 67.2831 22.7575 56.3991 35.6205 19.2944
internal_count=364 272 92 228 144 78
is_linear=0
shrinkage=1


Tree=1
num_leaves=7
num_cat=0
split_feature=2 3 4 0 2 2
split_gain=44.5684 28.0506 14.0271 10.6167 8.78202 7.11039
threshold=33.500000000000007 53.850000000000009 1482.5000000000002 1.0000000180025095e-35 31.500000000000004 35.500000000000007
decision_type=2 2 2 2 2 2
left_child=1 4 -3 -4 -1 -2
right_child=5 2 3 -5 -6 -7
leaf_value=-0.0064051695650201926 -0.028717463105088877 0.084004970354906172 -0.0044791284509141443 0.051612680182406646 -0.089608335088079694 -0.079423310592065199
leaf_weight=8.1819435358047468 16.294460028409961 14.666780248284338 15.795291885733603 18.105708986520767 5.1787958443164817 12.009471789002417
leaf_count=33 66 59 64 73 21 49
internal_value=0.00174638 0.0255027 0.0431524 0.0254782 -0.0386558 -0.0502322
internal_weight=90.2325 61.9285 48.5678 33.901 13.3607 28.3039
internal_count=365 250 196 137 54 115
is_linear=0
shrinkage=0.05


Tree=2
num_leaves=7
num_cat=0
split_feature=0 2 2 2 3 3
split_gain=46.1156 21.4555 15.2748 7.34073 9.32556 5.97779
threshold=1.0000000180025095e-35 34.500000000000007 30.500000000000004 35.500000000000007 160.20000000000002 76.050000000000026
decision_type=2 2 2 2 2 2
left_child=2 5 -1 4 -4 -2
right_child=1 -3 3 -5 -6 -7
leaf_value=0.030419624162605685 0.020739498289133691 -0.061517636339839837 -0.035666295806659858 -0.079473468777167475 0.083519549742303786 0.072091950453913298
leaf_weight=9.2122619301080686 7.4522167146205929 4.1287587881088248 32.943890184164047 9.4342297464609128 1.7272647619247425 23.657421782612801
leaf_count=37 30 17 134 39 7 95
internal_value=0.00119483 0.0455774 -0.0281382 -0.0403692 -0.0297286 0.0597906
internal_weight=88.556 35.2384 53.3176 44.1054 34.6712 31.1096
internal_count=359 142 217 180 141 125
is_linear=0
shrinkage=0.05


Tree=3
num_leaves=7
num_cat=0
split_feature=1 2 2 3 4 4
split_gain=39.9161 16.0871 12.8287 17.9754 8.11411 6.41549
threshold=1.0000000180025095e-35 37.500000000000007 35.500000000000007 58.400000000000006 1525.0000000000002 1325.0000000000002
decision_type=2 2 2 2 2 2
left_child=2 -2 3 5 -5 -1
right_child=1 -3 -4 4 -6 -7
leaf_value=0.010983673609402413 0.066821739626374041 -0.083890677620181903 -0.072221403630899308 0.054869403639472229 -0.00496509689886134 -0.078214596130873143
leaf_weight=2.4686423987150183 21.919199049472812 1.9261956810951222 10.231434151530264 6.7059176415204993 36.53771598637104 10.990287810564039
leaf_count=10 88 8 43 27 148 45
internal_value=-0.000900966 0.0546474 -0.0206902 -0.0113919 0.00431362 -0.0618538
internal_weight=90.7794 23.8454 66.934 56.7026 43.2436 13.4589
internal_count=369 96 273 230 175 55
is_linear=0
shrinkage=0.05


Tree=4
num_leaves=7
num_cat=0
split_feature=2 3 0 1 2 3
split_gain=42.8234 16.067 12.5793 8.20956 5.23684 6.80867
threshold=33.500000000000007 73.850000000000009 1.0000000180025095e-35 1.0000000180025095e-35 30.500000000000004 132.95000000000002
decision_type=2 2 2 2 2 2
left_child=1 3 4 -1 5 -3
right_child=-2 2 -4 -5 -6 -7
leaf_value=-0.036086069386611054 -0.050405914717148004 0.073272511207770577 0.068992370678826645 0.048338147955178379 -0.0049380519473391279 -0.056148116144684838
leaf_weight=12.454512178897859 27.426191538572311 5.4954208731651333 21.215280160307884 3.7455506771802893 13.036813944578169 1.2468025088310239
leaf_count=51 114 22 85 15 53 5
internal_value=0.000958987 0.0255898 0.0422491 -0.0165667 0.0135639 0.0493395
internal_weight=84.6206 57.1944 40.9943 16.2001 19.779 6.74222
internal_count=345 231 165 66 80 27
is_linear=0
shrinkage=0.05


Tree=5
num_leaves=7
num_cat=0
split_feature=2 0 2 3 1 3
split_gain=38.3577 27.6372 9.74015 9.877 6.56438 11.0213
threshold=33.500000000000007 1.0000000180025095e-35 30.500000000000004 160.20000000000002 1.0000000180025095e-35 103.60000000000001
decision_type=2 2 2 2 2 2
left_child=1 2 -1 -4 5 -3
right_child=-2 4 3 -5 -6 -7
leaf_value=0.032365153411752209 -0.046887146825307306 0.0019497026308754502 -0.038344791159177195 0.10681087397172345 0.082090826965793451 0.084339697206338687
leaf_weight=8.7182681411504763 31.674416571855545 10.187386706471445 20.675239741802219 1.2423363626003254 12.926841199398043 6.7475602626800528
leaf_count=35 133 41 85 5 52 27
internal_value=-0.00231006 0.0210289 -0.012336 -0.030117 0.0552587 0.0347772
internal_weight=92.172 60.4976 30.6358 21.9176 29.8618 16.9349
internal_count=378 245 125 90 120 68
is_linear=0
shrinkage=0.05


Tree=6
num_leaves=7
num_cat=0
split_feature=2 1 3 3 4 4
split_gain=31.907 19.6605 17.8337 6.28019 4.24812 4.02837
threshold=33.500000000000007 1.0000000180025095e-35 48.900000000000006 99.65000000000002 2950.0000000000005 1415.0000000000002
decision_type=2 2 2 2 2 2
left_child=1 2 -1 5 -2 -4
right_child=4 -3 3 -5 -6 -7
leaf_value=-0.076500443988537573 -0.033811831458624347 0.061828919747989979 0.052741744997187617 0.041477875736591341 -0.077729113793699553 -0.012969446097286572
leaf_weight=6.4746713489294043 20.273549884557728 18.56012199819088 2.7172957658767727 12.881341457366942 7.5595886558294287 16.462913244962692
leaf_count=27 85 75 11 52 33 67
internal_value=-0.00184575 0.0195517 -0.000810264 0.014475 -0.0457399 -0.00366002
internal_weight=84.9295 57.0963 38.5362 32.0616 27.8331 19.1802
internal_count=350 232 157 130 118 78
is_linear=0
shrinkage=0.05


Tree=7
num_leaves=7
num_cat=0
split_feature=1 3 2 2 4 3
split_gain=23.5186 12.7091 15.0761 8.56642 6.20095 5.22672
threshold=1.0000000180025095e-35 49.750000000000007 35.500000000000007 37.500000000000007 1395.0000000000002 79.050000000000011
decision_type=2 2 2 2 2 2
left_child=1 -1 4 -2 -3 -6
right_child=3 2 -4 -5 5 -7
leaf_value=-0.06984651700970515 0.053237308429171508 0.064622135236463693 -0.064719565359764517 -0.076555103451091122 -0.041164470331811163 0.0068177637970960646
leaf_weight=9.3602294176816923 19.690504834055904 3.9598429650068274 9.3782311975955945 1.3590212613344181 6.7460205703973761 35.767059102654457
leaf_count=40 80 16 42 6 28 146
internal_value=-0.00109501 -0.015928 -0.00689165 0.0448575 0.00477802 -0.000796108
internal_weight=86.2609 65.2114 55.8512 21.0495 46.4729 42.5131
internal_count=358 272 232 86 190 174
is_linear=0
shrinkage=0.05


Tree=8
num_leaves=7
num_cat=0
split_feature=2 1 3 0 2 3
split_gain=26.3388 12.1742 11.9244 6.95369 8.11103 5.00828
threshold=32.500000000000007 1.0000000180025095e-35 89.450000000000017 1.0000000180025095e-35 34.500000000000007 93.950000000000017
decision_type=2 2 2 2 2 2
left_child=1 2 -1 -2 -5 -4
right_child=3 -3 5 4 -6 -7
leaf_value=-0.03725691009691106 -0.05209048220337701 0.052016577599562325 0.10816664353300459 0.02747271719523291 -0.062873951050858357 0.018388544296604286
leaf_weight=12.197978243231775 23.340522229671478 18.850821539759636 1.7286389768123651 7.1705203354358655 3.8011327832937241 15.324881017208098
leaf_count=51 101 77 7 29 17 62
internal_value=-0.00319043 0.0206826 0.000489696 -0.0366581 -0.00382792 0.0274889
internal_weight=82.4145 48.1023 29.2515 34.3122 10.9717 17.0535
internal_count=344 197 120 147 46 69
is_linear=0
shrinkage=0.05


Tree=9
num_leaves=7
num_cat=0
split_feature=1 3 4 4 3 4
split_gain=24.8313 12.7554 12.5799 9.80785 7.80886 7.40716
threshold=1.0000000180025095e-35 49.750000000000007 2950.0000000000005 1425.0000000000002 125.30000000000001 2085.0000000000005
decision_type=2 2 2 2 2 2
left_child=1 -1 3 -3 -5 -2
right_child=5 2 -4 4 -6 -7
leaf_value=-0.063781933738288568 0.060200262759433257 0.075455953069387349 -0.074354224071716518 -0.013629962489962767 0.040461485068437511 -0.021728411778259408
leaf_weight=10.714439868927 18.464799314737323 4.4396688789129248 5.6318157166242591 33.128215968608856 8.3549597412347776 3.2433853000402442
leaf_count=47 76 18 26 138 34 14
internal_value=0.00191114 -0.0141422 -0.00382569 0.00482368 -0.00273562 0.0479594
internal_weight=83.9773 62.2691 51.5547 45.9228 41.4832 21.7082
internal_count=353 263 216 190 172 90
is_linear=0
shrinkage=0.05


Tree=10
num_leaves=7
num_cat=0
split_feature=2 3 4 1 4 1
split_gain=21.3509 17.5444 8.8805 7.03088 5.77919 4.1423
threshold=33.500000000000007 58.400000000000006 1572.5000000000002 1.0000000180025095e-35 2950.0000000000005 1.0000000180025095e-35
decision_type=2 2 2 2 2 2
left_child=1 3 -3 -1 -2 -4
right_child=4 2 5 -5 -6 -7
leaf_value=-0.056493990524573025 -0.018814854944601431 0.061922668362527834 0.0087934420220532848 0.028146423527210501 -0.071513293380526796 0.05854030675100317
leaf_weight=8.7151085138320905 19.281188234686855 18.374823391437531 23.925277620553974 3.4149479866027823 7.1249724030494681 5.071589618921279
leaf_count=38 83 76 97 14 34 21
internal_value=0.0043833 0.0209887 0.0347274 -0.0326654 -0.0330341 0.0174942
internal_weight=85.9079 59.5017 47.3717 12.1301 26.4062 28.9969
internal_count=363 246 194 52 117 118
is_linear=0
shrinkage=0.05


Tree=11
num_leaves=7
num_cat=0
split_feature=0 2 2 3 1 3
split_gain=28.044 14.6494 6.3741 5.86585 7.08327 5.8279
threshold=1.0000000180025095e-35 34.500000000000007 35.500000000000007 123.05000000000003 1.0000000180025095e-35 66.600000000000009
decision_type=2 2 2 2 2 2
left_child=2 3 5 4 -2 -1
right_child=1 -3 -4 -5 -6 -7
leaf_value=-0.044335884379959674 0.011947499973708796 -0.059498140048977792 -0.064557061355300357 0.091856472540880196 0.064753631040647353 -0.0034378533296436434
leaf_weight=12.161578595638273 13.757015332579616 3.6251554191112509 7.6618680506944647 5.8425006270408621 11.795413345098495 30.696708217263222
leaf_count=54 56 17 37 24 50 127
internal_value=0.00128345 0.0356692 -0.0225524 0.0466581 0.0363237 -0.0150432
internal_weight=85.5402 35.0201 50.5202 31.3949 25.5524 42.8583
internal_count=365 147 218 130 106 181
is_linear=0
shrinkage=0.05


Tree=12
num_leaves=7
num_cat=0
split_feature=2 0 3 3 2 4
split_gain=18.1973 14.6894 6.56216 4.81464 4.9081 4.79078
threshold=33.500000000000007 1.0000000180025095e-35 62.45000000000001 73.850000000000009 29.500000000000004 1492.5000000000002
decision_type=2 2 2 2 2 2
left_child=1 2 -1 4 -3 -4
right_child=-2 3 5 -5 -6 -7
leaf_value=-0.049976946717943699 -0.039491720867168692 0.085895907831305129 0.037251884591547185 0.052298608153652108 -0.017812411988771575 -0.012635250440913556
leaf_weight=8.2395568042993563 25.471851170063019 1.4383929073810602 6.8005710691213634 18.909635484218597 5.5150013417005539 16.461812734603882
leaf_count=37 116 6 28 79 23 67
internal_value=-0.00432315 0.0112928 -0.0116327 0.0392168 0.0036409 0.00194885
internal_weight=82.8368 57.365 31.5019 25.863 6.95339 23.2624
internal_count=356 240 132 108 29 95
is_linear=0
shrinkage=0.05


Tree=13
num_leaves=7
num_cat=0
split_feature=1 3 2 2 3 3
split_gain=19.4093 9.38406 8.73557 7.23496 4.50307 6.42439
threshold=1.0000000180025095e-35 62.45000000000001 36.500000000000007 37.500000000000007 70.100000000000009 76.050000000000026
decision_type=2 2 2 2 2 2
left_child=1 -1 4 -2 -3 -6
right_child=3 2 -4 -5 5 -7
leaf_value=-0.052838436452906673 0.046515164309294622 0.066049862432405682 -0.060186815984976855 -0.069955741847722991 -0.085579368383961768 0.0029117797903548213
leaf_weight=13.292123913764952 20.602768465876583 2.6065031439065924 6.4049745053052893 1.425601691007613 2.1638541221618643 39.337431281805038
leaf_count=61 88 11 33 7 9 163
internal_value=-0.00148775 -0.0154582 -0.00562185 0.0389776 0.00230163 -0.0017021
internal_weight=85.8333 63.8049 50.5128 22.0284 44.1078 41.5013
internal_count=372 277 216 95 183 172
is_linear=0
shrinkage=0.05


Tree=14
num_leaves=7
num_cat=0
split_feature=2 3 4 0 3 3
split_gain=19.4786 11.284 7.82788 6.63925 6.63994 4.55365
threshold=33.500000000000007 58.400000000000006 1562.5000000000002 1.0000000180025095e-35 160.20000000000002 127.55000000000003
decision_type=2 2 2 2 2 2
left_child=1 -1 -3 4 5 -4
right_child=-2 2 3 -5 -6 -7
leaf_value=-0.024710356171584326 -0.034693233290058606 0.058713239434049186 -0.0082174989576647584 0.039307231750641908 0.099558567243750867 -0.090935673651597423
leaf_weight=11.945064425468443 25.590765684843063 15.427948370575903 10.490931987762449 13.244148626923561 1.249599531292916 1.9773876965045918
leaf_count=54 119 66 43 55 5 8
internal_value=0.00127376 0.0182135 0.030309 0.0140559 -0.0103234 -0.021336
internal_weight=79.9258 54.3351 42.39 26.9621 13.7179 12.4683
internal_count=350 231 177 111 56 51
is_linear=0
shrinkage=0.05


Tree=15
num_leaves=7
num_cat=0
split_feature=0 4 4 4 3 3
split_gain=19.3309 8.97653 8.89299 7.47829 4.77659 4.69366
threshold=1.0000000180025095e-35 2025.0000000000002 1492.5000000000002 1130.0000000000002 76.050000000000026 135.30000000000004
decision_type=2 2 2 2 2 2
left_child=2 4 3 -1 -2 -3
right_child=1 5 -4 -5 -6 -7
leaf_value=-0.068947555155137036 0.0054243108233694368 -0.044924263556744726 -0.03509018974135162 0.034317949096404822 0.051855804861161273 0.064132730854575326
leaf_weight=2.1452445089817038 7.5314210504293468 5.4158791154623023 33.687218964099884 9.5934165865182859 20.937917396426201 1.2063712924718855
leaf_count=9 32 25 151 42 90 5
internal_value=-0.000498091 0.027376 -0.0220309 0.0154461 0.0395726 -0.0250574
internal_weight=80.5175 35.0916 45.4259 11.7387 28.4693 6.62225
internal_count=354 152 202 51 122 30
is_linear=0
shrinkage=0.05


Tree=16
num_leaves=7
num_cat=0
split_feature=0 2 2 3 3 3
split_gain=13.8619 9.87595 5.9079 7.54026 7.45599 5.22182
threshold=1.0000000180025095e-35 34.500000000000007 35.500000000000007 66.600000000000009 30.400000000000002 160.20000000000002
decision_type=2 2 2 2 2 2
left_child=2 -2 3 4 -1 -5
right_child=1 -3 -4 5 -6 -7
leaf_value=0.072143218527996822 0.032573651396238988 -0.055549915915704511 -0.059962949739170539 -0.0029526347469425542 -0.060497379293474089 0.093383947087306976
leaf_weight=1.1862278580665577 30.787748456001282 3.5454463213682166 7.1077193915843955 30.781099572777748 9.9155987054109556 1.4739858061075199
leaf_count=5 132 18 38 130 47 6
internal_value=-0.0010355 0.0234735 -0.01771 -0.0107832 -0.0463248 0.00144973
internal_weight=84.7978 34.3332 50.4646 43.3569 11.1018 32.2551
internal_count=376 150 226 188 52 136
is_linear=0
shrinkage=0.05


Tree=17
num_leaves=7
num_cat=0
split_feature=0 1 3 4 3 4
split_gain=15.1142 7.31092 5.21353 5.0393 4.95692 4.10971
threshold=1.0000000180025095e-35 1.0000000180025095e-35 125.30000000000001 2747.5000000000005 66.600000000000009 1492.5000000000002
decision_type=2 2 2 2 2 2
left_child=3 2 -2 4 -1 -6
right_child=1 -3 -4 -5 5 -7
leaf_value=-0.041199804330584712 -0.0048139377985073391 0.054175492256317549 0.058878171249290671 -0.06638077229267704 0.030941709851398092 -0.012954309153325131
leaf_weight=11.836067229509352 18.00686797499657 12.743651568889616 3.9107046127319327 5.087103232741355 6.8757172226905849 23.751429960131645
leaf_count=57 77 59 17 28 29 101
internal_value=-0.00104975 0.0240605 0.00655051 -0.0193535 -0.0137197 -0.00309976
internal_weight=82.2115 34.6612 21.9176 47.5503 42.4632 30.6271
internal_count=368 153 94 215 187 130
is_linear=0
shrinkage=0.05


Tree=18
num_leaves=7
num_cat=0
split_feature=0 2 2 3 4 3
split_gain=13.727 8.1223 7.9742 5.53113 4.97658 4.54662
threshold=1.0000000180025095e-35 30.500000000000004 37.500000000000007 129.70000000000002 1355.0000000000002 69.350000000000009
decision_type=2 2 2 2 2 2
left_child=1 3 -2 -1 -3 -6
right_child=2 4 -4 -5 5 -7
leaf_value=0.04407679733326017 0.032158458862043812 0.074646040245888487 -0.066172362029416648 -0.07103115824592246 -0.063028657432468868 -0.020145055165165685
leaf_weight=7.3006653189659101 32.183780133724213 1.1714012771844853 2.2029324769973746 1.2176894843578336 8.0600936114788038 26.509234711527824
leaf_count=31 140 5 12 5 41 120
internal_value=0.00216028 -0.0162523 0.025859 0.0276222 -0.0267092 -0.0301437
internal_weight=78.6458 44.2591 34.3867 8.51835 35.7407 34.5693
internal_count=354 202 152 36 166 161
is_linear=0
shrinkage=0.05


Tree=19
num_leaves=7
num_cat=0
split_feature=2 1 3 3 3 3
split_gain=14.6368 12.0241 6.88313 2.39975 3.88193 3.52522
threshold=35.500000000000007 1.0000000180025095e-35 48.900000000000006 123.90000000000002 94.850000000000009 90.500000000000014
decision_type=2 2 2 2 2 2
left_child=1 2 -1 4 5 -4
right_child=-2 -3 3 -5 -6 -7
leaf_value=-0.048240940168864238 -0.05491632918762427 0.043859926774729809 0.0050622853744735725 0.030385863412586468 -0.017273431017171 0.060364385845874419
leaf_weight=6.9302020072937003 9.5441830009222013 20.004225835204124 14.794859752058985 7.878798618912696 17.089314967393875 3.5786986649036399
leaf_count=35 54 91 64 33 72 15
internal_value=0.003183 0.0110735 -0.00197297 0.00542514 -0.000120389 0.0158337
internal_weight=79.8203 70.2761 50.2719 43.3417 35.4629 18.3736
internal_count=364 310 219 184 151 79
is_linear=0
shrinkage=0.05


Tree=20
num_leaves=7
num_cat=0
split_feature=2 3 2 0 3 4
split_gain=13.8602 5.10754 6.44788 3.95367 4.18481 2.78429
threshold=31.500000000000004 53.850000000000009 36.500000000000007 1.0000000180025095e-35 94.850000000000009 1492.5000000000002
decision_type=2 2 2 2 2 2
left_child=5 -2 3 4 -3 -1
right_child=1 2 -4 -5 -6 -7
leaf_value=0.036079297715157818 -0.060128399263034087 0.0037629427425853301 -0.056841904324063858 0.014763431021928584 -0.042075366899517019 0.0029528971552763325
leaf_weight=18.029830902814869 6.7607652693986884 9.960888400673868 7.0769769698381415 15.116322994232176 9.9558549821376783 9.7860224395990354
leaf_count=82 36 44 42 64 43 42
internal_value=-0.00375068 -0.0197874 -0.0133107 -0.00451702 -0.0191504 0.0244249
internal_weight=76.6867 48.8708 42.11 35.0331 19.9167 27.8159
internal_count=353 229 193 151 87 124
is_linear=0
shrinkage=0.05


Tree=21
num_leaves=7
num_cat=0
split_feature=2 1 3 3 4 3
split_gain=13.1385 6.04996 9.66013 4.04981 3.83291 3.5785
threshold=33.500000000000007 1.0000000180025095e-35 44.800000000000004 123.90000000000002 1355.0000000000002 137.25000000000003
decision_type=2 2 2 2 2 2
left_child=1 2 -1 4 -4 -5
right_child=-2 -3 3 5 -6 -7
leaf_value=-0.069351455056162789 -0.03018814334977021 0.039195858731845494 0.061587240504210397 0.09749307686823977 -0.0028715561967395764 0.01973796144976471
leaf_weight=4.0610333681106559 23.040759354829788 17.398599058389664 2.5641754269599977 2.3319023251533499 22.926452502608299 4.0491940230131149
leaf_count=21 117 81 11 10 97 17
internal_value=0.00136319 0.0149943 0.00327597 0.01253 0.00361254 0.0481527
internal_weight=76.3721 53.3314 35.9328 31.8717 25.4906 6.3811
internal_count=354 237 156 135 108 27
is_linear=0
shrinkage=0.05


Tree=22
num_leaves=7
num_cat=0
split_feature=4 2 1 4 3 4
split_gain=10.3061 6.16897 6.13609 5.98962 5.70569 5.13582
threshold=1442.5000000000002 37.500000000000007 1.0000000180025095e-35 1085.0000000000002 51.830000000000005 1000.0000000000001
decision_type=2 2 2 2 2 2
left_child=3 2 4 5 -2 -1
right_child=1 -3 -4 -5 -6 -7
leaf_value=0.041350712777889209 -0.058467140709640757 -0.062568028741134804 0.032627825223935931 0.045002626550457121 -0.0069661391419403532 -0.093020766406678349
leaf_weight=1.270494058728221 6.1818768233060828 5.4180183410644522 8.4278098046779615 14.541018664836882 41.354356363415718 1.6150874793529508
leaf_count=6 34 34 38 68 180 7
internal_value=-0.00199023 -0.0116244 -0.00669244 0.0319445 -0.0136636 -0.0338583
internal_weight=78.8087 61.3821 55.964 17.4266 47.5362 2.88558
internal_count=367 286 252 81 214 13
is_linear=0
shrinkage=0.05


Tree=23
num_leaves=7
num_cat=0
split_feature=4 0 4 4 1 3
split_gain=10.1066 8.11862 4.99665 6.78967 4.31495 4.53179
threshold=2950.0000000000005 1.0000000180025095e-35 1425.0000000000002 1130.0000000000002 1.0000000180025095e-35 123.90000000000002
decision_type=2 2 2 2 2 2
left_child=1 2 3 -1 5 -3
right_child=-2 4 -4 -5 -6 -7
leaf_value=-0.076864283535510877 -0.064260794220605572 0.0017629847975862778 -0.014803899998547809 0.053968873661115628 0.051510830447848134 0.060492086566495462
leaf_weight=1.1944241821765889 5.039541780948638 16.294997677206997 31.843466266989708 5.8408220112323761 11.873169779777525 4.1140712797641745
leaf_count=5 32 69 148 26 59 18
internal_value=0.00416474 0.00901056 -0.00637864 0.0317564 0.0275444 0.0136016
internal_weight=76.2005 71.161 38.8787 7.03525 32.2822 20.4091
internal_count=357 325 179 31 146 87
is_linear=0
shrinkage=0.05


Tree=24
num_leaves=7
num_cat=0
split_feature=0 1 3 2 3 3
split_gain=13.3159 5.95345 5.31198 4.17562 6.35424 5.01652
threshold=1.0000000180025095e-35 1.0000000180025095e-35 123.90000000000002 35.500000000000007 160.20000000000002 138.80000000000004
decision_type=2 2 2 2 2 2
left_child=3 2 -2 4 5 -1
right_child=1 -3 -4 -5 -6 -7
leaf_value=-0.011570219312601221 -0.0050877219934041228 0.050905112682374798 0.062560979118800999 -0.05490071455000245 0.090331580167842374 -0.086482479777549665
leaf_weight=35.213022485375404 16.746633946895603 12.148514688014982 3.510095238685607 6.7693333923816672 1.4503391087055195 2.3862345963716498
leaf_count=162 73 62 16 44 6 10
internal_value=-0.0012989 0.0232312 0.00663448 -0.0186477 -0.0123632 -0.0163245
internal_weight=78.2242 32.4052 20.2567 45.8189 39.0496 37.5993
internal_count=373 151 89 222 178 172
is_linear=0
shrinkage=0.05


Tree=25
num_leaves=7
num_cat=0
split_feature=0 3 4 4 4 3
split_gain=12.3593 6.29748 8.27806 5.32252 3.10039 2.84368
threshold=1.0000000180025095e-35 62.45000000000001 1945.0000000000002 1702.5000000000002 3025.0000000000005 97.200000000000003
decision_type=2 2 2 2 2 2
left_child=1 -1 5 -2 -5 -3
right_child=3 2 -4 4 -6 -7
leaf_value=-0.05725519381417047 0.047495340582436374 0.023843577176558918 -0.045318955209769751 0.01154343765068834 -0.068640968202232991 -0.012288972197953784
leaf_weight=8.2059627026319486 13.442983254790308 13.076476976275446 10.321918085217474 15.631607770919802 1.3062670677900303 9.3309316933155042
leaf_count=46 65 57 55 69 8 40
internal_value=-0.000157496 -0.0180893 -0.00826953 0.0240039 0.00535953 0.0087972
internal_weight=71.3161 40.9353 32.7293 30.3809 16.9379 22.4074
internal_count=340 198 152 142 77 97
is_linear=0
shrinkage=0.05


Tree=26
num_leaves=7
num_cat=0
split_feature=2 1 3 2 3 2
split_gain=7.34319 7.27206 6.86399 2.41926 2.72793 2.05491
threshold=37.500000000000007 1.0000000180025095e-35 44.800000000000004 31.500000000000004 99.450000000000017 33.500000000000007
decision_type=2 2 2 2 2 2
left_child=1 2 -1 -3 -5 -4
right_child=-2 3 5 4 -6 -7
leaf_value=-0.05719130148270829 -0.060738487131371734 0.021112213035361992 0.0089266966736463466 0.085886822337470026 0.0043351017869817628 -0.013381811128441735
leaf_weight=5.4530648589134207 4.5592090636491767 10.754816249012945 33.217341229319572 3.6518189162015906 1.4257938414812086 14.976919859647749
leaf_count=31 32 54 143 17 7 72
internal_value=0.000732014 0.00476566 -0.00402192 0.0345419 0.0629871 0.00199407
internal_weight=74.039 69.4798 53.6473 15.8324 5.07761 48.1943
internal_count=356 324 246 78 24 215
is_linear=0
shrinkage=0.05


Tree=27
num_leaves=7
num_cat=0
split_feature=4 0 2 3 3 4
split_gain=8.48326 5.54322 3.76151 3.0639 5.75161 4.42074
threshold=2950.0000000000005 1.0000000180025095e-35 29.500000000000004 123.90000000000002 110.05000000000001 2355.0000000000005
decision_type=2 2 2 2 2 2
left_child=1 -1 -3 4 5 -4
right_child=-2 2 3 -5 -6 -7
leaf_value=-0.0068462939318112972 -0.061968581219827158 0.069605130379191138 0.0094004507980130561 0.05492346230300154 -0.076443454756708884 0.1037800426346728
leaf_weight=39.37421926856041 4.9929554760456076 3.6002099663019207 19.253826320171367 4.0928485542535773 1.8549585044383992 1.3261943012475956
leaf_count=183 36 19 89 19 8 6
internal_value=0.000983155 0.00550553 0.0216481 0.0151396 0.00788179 0.0154824
internal_weight=74.4952 69.5023 30.128 26.5278 22.435 20.58
internal_count=360 324 141 122 103 95
is_linear=0
shrinkage=0.05


Tree=28
num_leaves=7
num_cat=0
split_feature=4 4 3 3 2 3
split_gain=9.17597 5.6649 6.22095 2.73465 4.25191 3.09781
threshold=1455.0000000000002 2950.0000000000005 53.850000000000009 76.050000000000026 31.500000000000004 56.400000000000006
decision_type=2 2 2 2 2 2
left_child=3 2 -2 4 5 -1
right_child=1 -3 -4 -5 -6 -7
leaf_value=0.057372127986965865 -0.050018843210532488 -0.06115004951499068 0.0024226288892103373 0.051793313700857151 -0.048330871085308771 -0.021841049886036509
leaf_weight=4.1292495876550692 6.4672594517469397 4.764204427599906 45.037405803799629 9.0111028105020505 2.1590083688497543 1.7604433894157407
leaf_count=19 38 36 203 45 11 8
internal_value=0.000751613 -0.00898734 -0.00416226 0.0328739 0.0116922 0.0336951
internal_weight=73.3287 56.2689 51.5047 17.0598 8.0487 5.88969
internal_count=360 277 241 83 38 27
is_linear=0
shrinkage=0.05


Tree=29
num_leaves=7
num_cat=0
split_feature=0 1 3 3 3 3
split_gain=9.50477 4.92882 5.74941 3.61495 3.47325 3.37253
threshold=1.0000000180025095e-35 1.0000000180025095e-35 99.65000000000002 67.450000000000003 98.050000000000011 85.050000000000011
decision_type=2 2 2 2 2 2
left_child=3 2 4 -1 -2 -5
right_child=1 -3 -4 5 -6 -7
leaf_value=-0.040983836568452871 -0.0049350968887339709 0.050341298552982749 0.041776016208979888 0.029251734612867161 -0.098655191690962818 -0.013264887471908574
leaf_weight=9.3504797592759115 10.845593318343164 10.804363474249842 7.7758325189352027 5.6932863295078304 1.0877243056893338 25.80466415733099
leaf_count=52 48 61 35 27 5 123
internal_value=0.0020871 0.0232001 0.0083215 -0.0136841 -0.0134777 -0.00557997
internal_weight=71.3619 30.5135 19.7092 40.8484 11.9333 31.498
internal_count=351 149 88 202 53 150
is_linear=0
shrinkage=0.05


Tree=30
num_leaves=7
num_cat=0
split_feature=4 0 3 3 2 2
split_gain=6.91424 6.86645 3.71666 5.86703 3.53178 3.383
threshold=2950.0000000000005 1.0000000180025095e-35 160.20000000000002 137.25000000000003 34.500000000000007 30.500000000000004
decision_type=2 2 2 2 2 2
left_child=1 2 3 5 -3 -1
right_child=-2 4 -4 -5 -6 -7
leaf_value=0.021820427668604161 -0.060952870895548655 0.026711538958087595 0.072077595004976971 -0.082947520904622207 -0.045608768777514547 -0.015451443448744058
leaf_weight=7.8151077330112448 4.3922827690839759 27.215099006891254 1.3384623676538456 2.7567058354616156 1.7997993826866139 27.549423336982727
leaf_count=35 34 131 6 12 9 134
internal_value=-0.000139842 0.00376099 -0.00981604 -0.0126914 0.0222255 -0.00721484
internal_weight=72.8669 68.4746 39.4597 38.1212 29.0149 35.3645
internal_count=361 327 187 181 140 169
is_linear=0
shrinkage=0.05


end of trees

feature_importances:
tbil=65
gestationalgeweek=44
birthweight=36
feeddelay=21
bloodtransfusion=20

parameters:
[boosting: gbdt]
[objective: binary]
[metric: auc]
[tree_learner: serial]
[device_type: cpu]
[data_sample_strategy: bagging]
[data: ]
[valid: ]
[num_iterations: 31]
[learning_rate: 0.05]
[num_leaves: 7]
[num_threads: 0]
[seed: 60000123]
[deterministic: 0]
[force_col_wise: 0]
[force_row_wise: 0]
[histogram_pool_size: -1]
[max_depth: -1]
[min_data_in_leaf: 5]
[min_sum_hessian_in_leaf: 0.001]
[bagging_fraction: 0.8]
[pos_bagging_fraction: 1]
[neg_bagging_fraction: 1]
[bagging_freq: 1]
[bagging_seed: 60000125]
[bagging_by_query: 0]
[feature_fraction: 0.8]
[feature_fraction_bynode: 1]
[feature_fraction_seed: 60000124]
[extra_trees: 0]
[extra_seed: 7908]
[early_stopping_round: 0]
[early_stopping_min_delta: 0]
[first_metric_only: 0]
[max_delta_step: 0]
[lambda_l1: 0]
[lambda_l2: 0]
[linear_lambda: 0]
[min_gain_to_split: 0]
[drop_rate: 0.1]
[max_drop: 50]
[skip_drop: 0.5]
[xgboost_dart_mode: 0]
[uniform_drop: 0]
[drop_seed: 19656]
[top_rate: 0.2]
[other_rate: 0.1]
[min_data_per_group: 100]
[max_cat_threshold: 32]
[cat_l2: 10]
[cat_smooth: 10]
[max_cat_to_onehot: 4]
[top_k: 20]
[monotone_constraints: ]
[monotone_constraints_method: basic]
[monotone_penalty: 0]
[feature_contri: ]
[forcedsplits_filename: ]
[refit_decay_rate: 0.9]
[cegb_tradeoff: 1]
[cegb_penalty_split: 0]
[cegb_penalty_feature_lazy: ]
[cegb_penalty_feature_coupled: ]
[path_smooth: 0]
[interaction_constraints: ]
[verbosity: -1]
[saved_feature_importance_type: 0]
[use_quantized_grad: 0]
[num_grad_quant_bins: 4]
[quant_train_renew_leaf: 0]
[stochastic_rounding: 1]
[linear_tree: 0]
[max_bin: 255]
[max_bin_by_feature: ]
[min_data_in_bin: 3]
[bin_construct_sample_cnt: 200000]
[data_random_seed: 60000126]
[is_enable_sparse: 1]
[enable_bundle: 1]
[use_missing: 1]
[zero_as_missing: 0]
[feature_pre_filter: 1]
[pre_partition: 0]
[two_round: 0]
[header: 0]
[label_column: ]
[weight_column: ]
[group_column: ]
[ignore_column: ]
[categorical_feature: ]
[forcedbins_filename: ]
[precise_float_parser: 0]
[parser_config_file: ]
[objective_seed: 26990]
[num_class: 1]
[is_unbalance: 0]
[scale_pos_weight: 1]
[sigmoid: 1]
[boost_from_average: 1]
[reg_sqrt: 0]
[alpha: 0.9]
[fair_c: 1]
[poisson_max_delta_step: 0.7]
[tweedie_variance_power: 1.5]
[lambdarank_truncation_level: 30]
[lambdarank_norm: 1]
[label_gain: ]
[lambdarank_position_bias_regularization: 0]
[eval_at: ]
[multi_error_top_k: 1]
[auc_mu_weights: ]
[num_machines: 1]
[local_listen_port: 12400]
[time_out: 120]
[machine_list_filename: ]
[machines: ]
[gpu_platform_id: -1]
[gpu_device_id: -1]
[gpu_use_dp: 0]
[num_gpu: 1]

end of parameters
